7470813432704071120
14781176959778252970
7804805421063358110
5669718787463458104
9542278798410627552
12301631899753156560
7815141950147182224
1322751192979478654
5739381561741870812
3609867552004708410
161166578037240391
1588320741995514232
580355859938558922
2232173698735458655
4349044992383039146
9728545546276010216
4357297210895959750
1296102701234148785
2819000636504103576
1398124789699360140
10741104238699222523
1465813502439653655
878793559318661688
5070349464393050148
4389021281089417419
271670193641807937
1878740142490468270
1447631550560829823
521331448690741296
12630804233580321400
524288840600816256
6557075661442328688
3387166765780703427
611521245163980970
1762302076489131924
2357414587175375889
1152246328880628807
2422917422955566568
4623873447059511909
5717199861458231188
4392355448478771510
1764465555963810966
34653327755758800
1530021787592219394
1531360008608397384
683304732215203252
4729208807519790315
8186442934917685850
5071335974275384320
1231627730640420120
